2709 7123
0 1
0 2
0 3
0 4
0 5
0 590
0 662
0 716
0 719
0 739
0 1044
0 1106
0 1140
1 2
1 4
1 5
1 360
2 4
2 5
2 11
2 317
2 337
2 360
3 6
3 11
3 14
3 20
3 28
3 52
3 53
3 61
3 66
3 84
3 137
3 152
3 161
3 162
3 196
3 226
3 257
3 266
3 270
3 277
3 280
3 282
3 283
3 330
3 415
3 438
3 439
3 441
3 458
3 512
3 527
3 535
3 547
3 550
3 551
3 582
3 607
3 661
3 676
3 682
3 683
3 689
3 698
3 709
3 712
3 713
3 715
3 724
3 827
3 844
3 847
3 856
3 878
3 879
3 885
3 938
3 939
3 940
3 941
3 951
3 961
3 997
3 1005
3 1007
3 1019
3 1020
3 1035
3 1037
3 1039
3 1041
3 1043
3 1060
3 1082
3 1103
3 1106
3 1114
3 1124
3 1133
3 1161
3 1199
3 1206
3 1243
3 1270
3 1312
3 1354
3 1372
3 1394
3 1399
3 1408
3 1470
3 1510
3 1541
3 1548
3 1555
3 1582
3 1586
3 1589
3 1621
3 1640
3 1653
3 1661
3 1717
3 1722
3 1726
3 1728
3 1730
3 1738
3 1768
3 1770
3 1788
3 1819
3 1823
3 1833
3 1834
3 1845
3 1861
3 1912
3 1918
3 1947
3 1954
3 1958
3 1992
3 2038
3 2039
3 2075
3 2120
3 2147
3 2150
3 2194
3 2226
3 2227
3 2257
3 2267
3 2276
3 2295
3 2325
3 2377
3 2437
3 2449
3 2452
4 5
6 7
6 8
6 9
6 10
6 11
6 12
6 13
6 14
6 15
6 16
6 17
6 18
6 19
6 20
6 21
6 22
7 14
8 9
8 11
8 16
8 23
8 38
8 44
8 51
8 54
8 55
8 92
8 114
8 135
8 136
8 137
8 138
8 141
8 142
8 143
8 144
8 145
8 146
8 147
8 148
8 149
8 150
8 194
8 199
8 238
8 255
8 256
8 257
8 269
8 279
8 280
8 288
8 307
8 321
8 377
8 482
8 494
8 597
8 608
8 647
8 648
8 649
8 672
8 676
8 715
8 756
8 792
8 829
8 864
8 872
8 879
8 913
8 939
8 944
8 951
8 961
8 970
8 971
8 1124
8 1153
8 1158
8 1160
8 1161
8 1164
8 1176
8 1243
8 1291
8 1342
8 1423
8 1545
8 1653
8 1661
8 1672
8 1801
8 1828
8 1958
8 2014
8 2216
8 2217
8 2328
8 2414
8 2420
8 2463
9 11
9 20
9 51
9 114
9 135
9 138
9 140
9 142
9 162
9 251
9 252
9 253
9 254
9 255
9 256
9 257
9 279
9 280
9 282
9 288
9 348
9 593
9 607
9 608
9 672
9 792
9 864
9 970
9 2035
9 2126
9 2216
9 2217
9 2345
9 2498
11 14
11 20
11 61
11 95
11 113
11 142
11 147
11 256
11 277
11 279
11 280
11 330
11 415
11 482
11 489
11 494
11 532
11 545
11 567
11 582
11 593
11 607
11 608
11 672
11 689
11 792
11 829
11 864
11 902
11 939
11 951
11 997
11 1160
11 1170
11 1342
11 1372
11 1545
11 1582
11 1714
11 1766
11 1958
11 2004
11 2014
11 2026
11 2035
11 2075
11 2114
11 2147
11 2217
11 2363
12 415
12 608
12 1409
12 1582
12 1801
13 1801
14 18
14 20
14 55
14 578
14 1300
16 21
16 705
16 1178
16 1839
16 2348
17 277
17 1409
17 1661
17 1724
17 1801
17 2014
17 2606
18 41
18 67
18 109
18 135
18 149
18 161
18 170
18 214
18 226
18 227
18 233
18 257
18 266
18 277
18 287
18 288
18 303
18 315
18 330
18 452
18 531
18 532
18 537
18 567
18 608
18 672
18 689
18 698
18 706
18 709
18 712
18 792
18 823
18 829
18 878
18 885
18 896
18 938
18 939
18 941
18 997
18 1005
18 1019
18 1043
18 1123
18 1161
18 1163
18 1199
18 1260
18 1394
18 1582
18 1661
18 1704
18 1737
18 1801
18 1833
18 1864
18 1912
18 1954
18 1958
18 2014
18 2035
18 2039
18 2048
18 2075
18 2076
18 2251
18 2317
18 2328
18 2330
18 2402
18 2435
18 2459
19 1661
19 1801
20 97
20 139
20 677
20 1725
20 1811
21 117
21 417
21 1071
22 214
22 415
22 494
22 608
22 792
22 884
22 1409
22 1661
22 2035
23 24
23 25
23 26
23 27
23 28
23 29
23 30
23 350
23 480
23 482
24 25
24 26
24 27
24 29
24 30
24 350
24 480
24 481
24 482
24 616
24 617
24 647
24 648
24 649
24 651
24 652
24 1175
24 1176
24 1234
24 1287
25 26
25 27
25 28
25 29
25 30
25 350
25 480
25 481
25 482
25 483
25 1866
26 27
26 29
26 30
26 350
26 480
26 482
27 29
27 30
27 410
27 480
27 481
27 482
27 483
27 647
27 648
27 649
27 650
27 651
27 652
27 1158
27 1160
27 1161
27 1163
27 1164
27 1165
27 1175
27 1176
27 1234
27 1291
28 29
28 156
28 482
28 555
28 879
28 1026
28 1999
29 30
29 436
29 480
29 482
29 483
29 686
29 879
30 98
30 350
30 410
30 480
30 481
30 482
30 616
30 647
30 648
30 649
30 650
30 651
30 652
30 935
30 1175
30 1176
30 1234
30 1287
30 1992
30 2274
31 32
31 33
31 34
31 35
31 36
31 37
31 38
31 39
31 40
31 291
31 2360
32 34
32 36
32 37
32 61
32 65
32 775
32 776
32 777
32 778
33 34
33 37
33 820
33 823
34 36
34 1520
34 2360
35 1009
36 2114
38 137
38 205
38 209
38 236
38 375
38 380
38 411
38 413
38 424
38 534
38 552
38 683
38 746
38 852
38 892
38 955
38 1190
38 1221
38 1236
38 1340
38 1684
38 1755
38 1782
38 1789
38 1808
38 1854
38 1958
38 1967
38 2035
38 2142
38 2304
38 2348
38 2418
38 2543
38 2544
39 1494
39 1941
41 588
41 605
41 751
41 1371
41 2373
42 43
42 44
42 590
42 662
42 739
42 1844
42 1960
43 51
43 312
43 676
43 873
44 51
44 135
44 140
44 150
44 191
44 253
44 380
44 397
44 480
44 533
44 537
44 538
44 566
44 567
44 677
44 863
44 947
44 949
44 1139
44 1243
44 1244
44 1264
44 1265
44 1266
44 1379
44 1657
44 1658
44 1659
44 1660
44 1674
44 1737
44 1859
44 1898
44 2057
44 2216
44 2217
44 2651
44 2673
45 46
45 47
45 48
45 1497
45 2292
46 666
46 2292
46 2375
47 1497
47 1498
48 350
48 951
48 1521
49 50
49 2704
50 113
50 118
50 119
50 120
50 592
50 1125
50 1646
51 68
51 114
51 121
51 135
51 137
51 142
51 150
51 492
51 533
51 535
51 538
51 540
51 798
51 895
51 970
51 971
51 1154
51 1243
51 1264
51 1266
51 1456
51 2216
51 2217
51 2332
51 2570
51 2641
51 2661
52 53
52 54
52 55
52 56
52 57
52 58
52 59
52 60
52 61
52 62
52 63
52 64
52 65
52 66
52 67
52 68
52 1205
52 2150
53 56
53 61
53 144
53 210
53 213
53 349
53 350
53 570
53 577
53 582
53 584
53 607
53 672
53 1171
53 1267
53 1819
53 2008
53 2014
53 2331
53 2472
54 65
54 119
54 135
54 158
54 844
54 1005
54 1801
54 2013
54 2014
54 2217
54 2512
55 93
55 97
55 98
55 161
55 438
55 572
55 580
55 582
55 659
55 673
55 674
55 682
55 683
55 709
55 710
55 711
55 713
55 829
55 834
55 836
55 869
55 885
55 913
55 938
55 939
55 941
55 1060
55 1064
55 1082
55 1099
55 1106
55 1123
55 1198
55 1264
55 1322
55 1350
55 1394
55 1548
55 1558
55 1582
55 1586
55 1589
55 1661
55 1718
55 1755
55 1789
55 1851
55 1861
55 1918
55 2003
55 2011
55 2014
55 2035
55 2075
55 2120
55 2282
55 2416
55 2521
55 2550
55 2569
55 2606
55 2660
55 2674
56 57
56 61
56 66
56 111
56 144
56 203
56 210
56 213
56 242
56 245
56 254
56 275
56 300
56 349
56 395
56 438
56 527
56 552
56 577
56 584
56 594
56 607
56 608
56 642
56 661
56 672
56 679
56 770
56 872
56 879
56 939
56 983
56 1029
56 1044
56 1060
56 1076
56 1087
56 1106
56 1140
56 1171
56 1194
56 1205
56 1267
56 1308
56 1312
56 1414
56 1519
56 1545
56 1569
56 1575
56 1640
56 1648
56 1674
56 1753
56 1759
56 1800
56 1917
56 1947
56 1978
56 1986
56 2008
56 2014
56 2053
56 2077
56 2174
56 2246
56 2331
56 2353
56 2372
56 2373
56 2449
56 2476
56 2502
56 2594
57 61
57 65
57 68
57 155
57 213
57 221
57 248
57 249
57 267
57 275
57 287
57 291
57 299
57 350
57 370
57 371
57 472
57 577
57 583
57 814
57 857
57 869
57 939
57 1111
57 1171
57 1260
57 1519
57 1520
57 1718
57 1848
57 1884
57 1898
57 1916
57 1986
57 2004
57 2029
57 2033
57 2046
57 2082
57 2132
57 2331
57 2341
57 2354
57 2381
57 2404
57 2415
57 2493
58 111
58 376
58 709
58 2014
59 184
59 189
59 415
59 1029
59 1057
59 1103
59 1885
59 2014
61 65
61 66
61 89
61 111
61 113
61 137
61 139
61 143
61 162
61 210
61 213
61 214
61 221
61 254
61 300
61 350
61 365
61 377
61 415
61 419
61 484
61 543
61 577
61 582
61 607
61 608
61 661
61 675
61 687
61 698
61 757
61 765
61 792
61 879
61 939
61 1029
61 1082
61 1103
61 1143
61 1171
61 1183
61 1205
61 1275
61 1298
61 1521
61 1522
61 1710
61 1885
61 1898
61 1935
61 1950
61 1986
61 2004
61 2008
61 2014
61 2063
61 2064
61 2065
61 2217
61 2236
61 2244
61 2441
61 2476
61 2529
61 2594
62 66
63 577
63 1103
63 1885
63 2014
63 2250
64 279
64 280
64 309
64 439
64 567
64 579
64 582
64 660
64 744
64 758
64 834
64 885
64 938
64 939
64 940
64 1040
64 1043
64 1060
64 1103
64 1186
64 1372
64 1467
64 1470
64 1586
64 1589
64 1594
64 1621
64 1738
64 1834
64 1918
64 1954
64 2014
64 2060
64 2075
64 2150
64 2243
64 2251
64 2293
64 2317
64 2377
64 2440
65 299
65 349
65 350
65 431
65 577
65 608
65 663
65 783
65 788
65 878
65 879
65 1121
65 1236
65 1275
65 1305
65 1575
65 1650
65 1652
65 1755
65 1763
65 2004
65 2014
65 2231
65 2280
65 2489
65 2699
66 67
66 92
66 116
66 212
66 419
66 2409
67 91
67 96
67 149
67 298
67 337
67 532
67 567
67 607
67 709
67 712
67 756
67 1060
67 1738
67 2014
67 2251
68 376
68 577
68 869
68 1438
68 2014
68 2134
68 2135
69 70
69 71
69 72
69 2601
70 71
70 423
70 1117
70 2601
71 72
71 423
71 1447
71 1587
71 1588
71 2661
72 423
72 1117
72 1588
72 2601
73 74
73 330
74 104
74 377
74 760
74 823
74 1236
74 1589
74 1592
74 2653
75 76
75 77
75 1723
76 77
76 1723
77 1723
78 79
78 80
78 81
78 82
78 83
78 84
78 85
78 86
78 87
78 88
78 89
78 90
78 438
78 1019
78 1020
78 1244
78 2047
78 2367
80 662
80 790
80 1971
82 218
82 272
82 354
82 355
82 356
82 357
82 358
82 359
82 722
82 978
82 979
82 1289
82 1603
82 1673
83 659
83 1705
84 85
84 86
84 87
84 88
84 438
84 1019
84 1020
84 2367
85 86
85 88
85 89
85 438
85 1017
85 1018
85 1019
85 1020
85 1244
85 1505
85 2047
85 2367
86 87
86 88
86 89
86 438
86 1017
86 1018
86 1019
86 1020
86 1244
87 88
87 89
87 438
87 1017
87 1018
87 1019
87 1020
88 89
88 438
88 517
88 1017
88 1018
88 1019
88 1020
88 1505
89 438
89 1017
89 1018
89 1019
89 1020
89 1440
90 1086
91 92
91 93
91 94
91 95
91 96
91 97
91 98
91 99
91 2305
92 142
92 281
92 282
92 709
92 1039
93 582
93 885
93 939
93 1211
93 1589
93 1738
94 439
95 162
95 236
95 1714
95 2241
96 567
96 1069
96 1496
96 1546
96 1675
96 1834
96 2014
96 2075
96 2251
97 98
97 106
97 107
97 133
97 318
97 577
97 580
97 682
97 713
97 831
97 939
97 1064
97 1082
97 1099
97 1198
97 1322
97 1470
97 1520
97 1716
97 1755
97 2002
97 2003
97 2035
97 2075
97 2279
97 2346
97 2610
98 107
98 251
98 403
98 616
98 1064
98 1082
98 1099
98 1124
98 1198
98 1394
98 1467
98 1851
98 2003
98 2075
98 2346
98 2347
98 2394
99 756
99 1123
99 2251
100 101
101 1628
102 103
104 105
104 106
104 107
105 106
105 107
106 107
106 144
106 217
106 238
106 551
106 592
106 781
106 834
106 979
106 1161
106 1163
106 1233
106 1298
106 1481
106 1514
106 1673
106 1675
106 1766
106 1823
106 1825
106 2174
106 2268
106 2408
106 2449
106 2640
107 212
107 238
107 330
107 537
107 551
107 781
107 834
107 844
107 1161
107 1163
107 1263
107 1298
107 1419
107 1473
107 1474
107 1480
107 1481
107 1514
107 1673
107 1766
107 1789
107 1823
107 1825
107 2106
107 2268
107 2269
107 2408
107 2580
107 2640
108 109
108 110
108 111
108 112
108 435
109 110
109 111
109 112
109 298
109 433
109 434
109 435
109 436
109 437
109 438
110 111
110 112
110 433
110 435
110 438
111 112
111 433
111 435
111 438
111 1957
112 434
112 435
112 438
112 2428
113 114
113 115
113 116
113 117
113 118
113 119
113 120
113 253
113 2014
113 2217
114 135
114 136
114 137
114 138
114 139
114 140
114 142
114 147
114 148
114 194
114 257
114 279
114 280
114 282
114 283
114 458
114 482
114 593
114 607
114 608
114 792
114 864
114 970
114 1233
114 1243
114 1342
114 1614
114 1789
114 1801
114 2014
114 2035
114 2075
114 2216
114 2486
114 2497
115 196
115 389
115 390
115 394
115 395
115 396
115 397
115 398
115 399
115 400
115 404
115 405
115 406
115 410
115 412
115 763
115 781
115 944
115 1788
115 1818
115 2476
116 213
116 377
116 577
116 608
116 765
116 1183
116 1885
116 1923
116 2004
116 2661
117 215
117 275
117 377
117 864
117 912
117 2004
117 2279
118 249
119 120
119 2592
121 122
121 291
121 301
121 676
121 682
121 1526
121 2496
123 124
123 125
123 126
123 127
123 128
124 190
124 395
124 588
124 594
124 1238
128 139
128 166
128 167
128 437
128 552
128 562
128 608
128 679
128 755
128 960
128 1118
128 1325
128 1377
128 1527
128 1611
128 1674
128 1873
128 1983
128 2154
128 2224
128 2348
128 2351
128 2418
128 2446
128 2459
129 130
129 131
129 132
129 133
129 134
129 683
129 913
129 2035
130 2113
130 2375
130 2661
131 1601
131 1602
132 133
132 134
132 1206
132 1912
133 134
133 508
133 532
133 913
133 1206
133 1468
133 1475
133 1661
133 1999
133 2035
133 2067
133 2231
133 2606
133 2693
134 941
134 1468
134 1696
134 2039
134 2083
134 2693
135 137
135 140
135 142
135 150
135 178
135 313
135 399
135 492
135 533
135 535
135 537
135 538
135 540
135 588
135 798
135 836
135 879
135 970
135 971
135 1105
135 1139
135 1243
135 1262
135 1264
135 1265
135 1266
135 1273
135 1417
135 1418
135 1419
135 1420
135 1835
135 2216
135 2217
135 2260
135 2661
135 2673
136 137
136 139
136 970
136 971
137 139
137 142
137 277
137 413
137 523
137 552
137 561
137 572
137 683
137 705
137 834
137 855
137 970
137 971
137 1072
137 1154
137 1254
137 1541
137 1666
137 1674
137 1722
137 1737
137 1770
137 1917
137 1923
137 2146
137 2156
137 2237
137 2260
137 2280
137 2348
137 2379
137 2420
137 2569
137 2606
138 257
138 672
138 1264
138 2014
139 823
139 970
139 1082
140 342
140 344
140 555
140 2216
140 2217
141 148
141 194
141 195
141 196
141 971
142 147
142 162
142 199
142 246
142 252
142 253
142 254
142 255
142 257
142 258
142 259
142 260
142 261
142 262
142 263
142 288
142 315
142 592
142 859
142 872
142 913
142 944
142 1236
142 1313
142 1342
142 2035
142 2217
142 2498
143 528
143 1459
143 2585
144 213
144 254
144 275
144 298
144 312
144 377
144 522
144 553
144 873
144 874
144 975
144 1063
144 1066
144 1111
144 1271
144 1310
144 1552
144 1708
144 1709
144 1710
144 1711
144 1712
144 1713
144 1950
144 2348
145 541
145 2217
147 258
147 491
148 194
148 195
148 196
148 895
148 971
148 1715
148 2270
149 236
149 257
149 672
150 253
150 291
150 533
150 537
150 683
150 1206
150 1264
150 1265
150 1266
150 1658
150 1864
150 1866
150 2060
150 2161
150 2217
151 152
151 253
152 253
152 471
152 1765
153 154
153 155
153 156
153 157
154 250
154 285
154 288
154 289
154 290
154 738
154 967
154 1218
154 1800
154 2014
154 2301
155 248
155 315
155 424
155 945
155 946
155 1183
155 1848
155 2264
156 291
156 438
156 792
156 1227
156 2035
156 2145
156 2239
156 2628
157 423
157 572
157 1163
157 1942
157 2124
157 2231
158 588
159 160
159 1347
159 1434
160 1434
161 162
162 501
162 502
162 503
162 504
162 505
162 506
162 507
162 508
162 509
162 510
162 511
162 512
162 513
162 515
162 516
162 621
162 710
162 855
162 1035
162 1072
162 1206
162 1207
162 1209
162 1213
162 1244
162 1666
162 1680
162 1681
162 1682
162 1683
162 1808
162 1873
162 1895
162 2265
162 2414
162 2569
163 164
163 165
163 218
163 358
163 631
163 634
163 878
163 1198
163 1242
163 1269
164 165
164 218
164 357
164 358
164 633
164 635
164 878
164 1239
164 1240
164 1268
165 1239
165 1242
166 167
166 2048
167 212
167 989
167 1012
167 1183
167 1373
167 1374
167 1375
167 1376
167 1377
167 1378
167 1379
167 1380
167 1381
167 1382
167 1383
167 1384
167 1385
167 1386
167 1387
168 169
168 873
168 1906
169 436
169 1722
170 1516
171 172
171 173
171 964
171 1753
172 2489
173 2613
174 175
174 176
174 177
174 178
174 2079
177 2079
178 457
178 480
178 482
178 715
179 180
179 1495
181 182
181 183
181 184
181 185
181 186
181 187
181 188
181 189
181 190
181 191
181 426
181 432
182 183
182 184
182 185
182 186
182 187
182 188
182 189
182 190
182 191
182 426
182 427
182 432
183 184
183 185
183 186
183 187
183 188
183 189
183 190
183 191
183 425
183 426
183 427
183 432
183 701
183 895
183 1273
183 1333
183 1334
183 1335
183 1336
183 1337
183 1338
183 1751
184 185
184 186
184 187
184 188
184 189
184 190
184 191
184 242
184 425
184 426
184 427
184 432
184 1182
184 1337
184 1483
184 1500
184 1501
184 1502
184 1503
184 1751
185 186
185 187
185 188
185 189
185 190
185 191
185 425
185 426
185 432
185 1182
185 1552
185 1553
186 187
186 189
186 190
186 191
186 426
186 432
187 188
187 189
187 190
187 191
187 425
187 426
187 427
187 431
187 432
187 1282
188 189
188 190
188 191
188 406
188 425
188 426
188 429
188 432
189 190
189 191
189 425
189 426
189 427
189 432
189 1182
190 191
190 425
190 426
190 432
190 1274
191 426
191 427
191 432
191 630
192 193
193 1594
194 195
194 196
194 397
194 971
195 1008
195 1009
195 1010
195 1520
195 1958
196 395
196 397
196 399
196 404
196 405
196 552
196 997
197 198
197 606
198 389
198 392
198 402
198 403
198 406
198 408
198 409
198 411
198 412
198 440
198 678
198 861
198 943
198 1781
199 200
199 1291
199 2075
200 1291
201 202
201 362
203 204
203 205
203 241
203 1011
203 2052
203 2100
203 2258
203 2427
203 2615
203 2691
204 239
204 241
204 254
204 640
204 641
204 771
204 772
204 773
204 774
204 824
204 867
204 868
204 960
204 1011
204 1047
204 1190
204 1292
204 1330
204 1388
204 2052
204 2100
204 2217
204 2258
204 2416
204 2661
205 298
205 381
205 466
205 552
205 649
205 752
205 852
205 929
205 974
205 1111
205 1284
205 1674
205 1983
205 2020
205 2348
205 2489
206 207
206 208
206 209
207 301
207 1768
207 2420
208 231
208 252
208 315
208 646
208 719
208 724
208 726
208 728
208 895
208 960
208 1060
208 1528
208 1545
208 2373
209 1235
210 211
210 212
210 213
210 214
210 215
210 216
212 214
212 215
212 353
212 864
212 939
212 1071
212 1072
212 1073
212 1171
212 1236
212 1518
212 1960
212 2224
212 2279
212 2543
212 2583
212 2599
212 2607
212 2661
213 249
213 378
213 419
213 484
213 485
213 495
213 656
213 657
213 658
213 660
213 664
213 665
213 666
213 667
213 668
213 669
213 744
213 780
213 824
213 1099
213 1169
213 1170
213 1171
213 1172
213 1173
214 215
214 277
214 285
214 298
214 377
214 994
214 1261
214 1696
214 1697
214 1698
215 295
215 337
215 994
215 1697
215 1904
216 1641
216 1642
216 1876
216 2056
217 218
217 219
217 220
218 219
218 220
218 272
218 289
218 354
218 356
218 357
218 358
218 689
218 698
218 722
218 979
218 1197
218 1269
218 1289
218 1460
218 2240
219 220
219 272
219 289
219 357
219 358
219 633
219 1087
219 1099
219 1196
219 1240
219 1241
219 1268
219 1269
219 1289
219 1396
219 1634
219 2307
219 2519
220 271
220 272
220 289
220 354
220 355
220 356
220 357
220 358
220 359
220 979
220 1197
220 1198
220 1240
220 1241
220 1268
220 1460
220 1603
220 2307
221 1448
222 223
222 270
222 914
222 915
222 1436
222 1437
222 1438
222 2380
222 2381
223 914
223 915
223 1435
223 1436
223 1437
223 1438
224 225
224 277
225 2112
226 227
226 228
226 229
226 230
226 231
226 232
226 233
226 234
226 235
226 236
226 237
226 238
226 239
226 240
226 241
226 447
226 1190
227 228
227 230
227 231
227 233
227 235
227 237
227 238
227 239
227 240
227 241
227 443
227 444
227 445
227 446
227 447
227 448
227 518
227 1190
227 1191
228 230
228 231
228 232
228 233
228 235
228 239
228 240
228 241
228 518
228 1190
229 230
229 231
229 232
229 233
229 238
229 239
229 240
229 241
229 444
229 447
229 518
229 1190
230 231
230 232
230 233
230 238
230 239
230 240
230 241
230 444
230 447
230 637
230 638
230 1191
230 1192
231 232
231 233
231 235
231 237
231 238
231 239
231 240
231 241
231 444
231 446
231 447
231 518
231 639
231 727
231 1190
231 1191
231 1192
232 233
232 235
232 237
232 238
232 239
232 240
232 241
232 444
232 447
232 975
232 1190
233 235
233 237
233 238
233 239
233 240
233 241
233 447
233 518
233 637
233 1190
233 1191
233 1192
234 365
234 614
234 1106
234 1521
234 1522
235 238
235 239
235 240
235 241
235 1170
235 1190
235 1191
236 241
236 280
236 383
236 459
236 517
236 532
236 578
236 719
236 848
236 913
236 954
236 1044
236 1094
236 1151
236 1163
236 1206
236 1217
236 1236
236 1244
236 1354
236 1548
236 1569
236 1582
236 1665
236 1737
236 1742
236 1873
236 1949
236 1963
236 2014
236 2037
236 2081
236 2251
236 2295
236 2462
236 2481
236 2489
237 238
237 239
237 240
237 241
237 444
237 447
237 456
237 518
237 639
237 1190
237 1191
238 239
238 240
238 241
238 444
238 447
238 518
238 1190
238 1191
238 1192
239 240
239 241
239 444
239 447
239 518
239 1071
239 1191
239 1192
239 2364
239 2365
239 2366
240 241
240 444
240 1190
240 1191
240 1192
241 444
241 446
241 447
241 518
241 1190
241 1192
242 243
242 244
242 245
242 1566
243 244
243 245
243 1046
243 1311
243 2173
244 245
244 1046
245 1046
246 247
248 249
248 250
248 847
249 253
249 337
249 351
249 352
249 353
249 370
249 472
249 577
249 583
249 726
249 1002
249 1235
249 1261
249 1299
249 1539
249 1839
249 1848
249 1883
249 1903
249 1950
249 2029
249 2046
249 2068
249 2132
249 2217
249 2320
249 2354
250 303
250 363
250 364
250 365
250 366
250 367
250 368
250 369
250 699
250 781
250 1234
250 1423
250 1832
250 1874
250 2644
250 2657
251 892
252 254
252 257
252 280
252 281
252 282
252 283
252 518
252 778
252 949
252 1177
252 1190
252 1614
252 2114
252 2216
252 2217
253 402
253 471
253 1764
253 1765
253 1766
253 2216
253 2217
253 2635
254 257
254 636
254 1263
254 1377
254 1431
254 1759
254 1945
254 1946
254 2216
254 2217
255 970
255 2141
255 2206
255 2207
256 315
256 319
256 321
256 831
256 2359
257 279
257 280
257 281
257 282
257 283
257 298
257 361
257 380
257 435
257 1079
257 1614
257 1810
257 1945
257 2114
257 2216
257 2217
257 2406
257 2602
258 489
258 490
258 491
258 492
258 493
258 717
258 1599
258 1722
258 1745
258 2040
259 859
260 689
260 697
260 698
260 1197
260 2658
261 1705
263 997
263 2014
263 2470
264 265
264 266
264 2405
264 2637
265 277
265 682
265 709
265 1409
265 1661
265 1801
265 2014
265 2697
266 1003
266 1350
267 268
269 610
269 1121
269 1243
270 671
270 2461
271 272
271 357
271 1196
271 1198
271 1240
271 1241
271 1268
271 1269
271 2307
272 289
272 356
272 357
272 358
272 689
272 698
272 979
272 1195
272 1196
272 1197
272 1198
272 1269
272 1289
272 1673
272 2240
273 274
274 590
275 276
275 277
275 278
275 492
275 627
275 1520
275 1925
277 437
277 582
277 816
277 817
277 818
277 819
277 820
277 821
277 822
278 1666
278 2452
279 280
279 281
279 282
279 283
279 1614
280 281
280 282
280 283
280 579
280 1614
280 1615
281 282
281 283
281 1614
282 283
282 532
282 1614
283 532
283 1614
284 285
285 377
285 608
285 960
285 1912
285 2015
286 287
287 590
287 657
287 1005
287 1260
287 1261
288 417
288 849
288 873
289 355
289 356
289 357
289 358
289 814
289 1093
289 1241
289 1289
289 1673
289 2240
289 2307
289 2351
289 2393
290 761
290 762
290 1025
290 1028
290 1113
290 2464
291 292
291 293
291 294
291 295
291 296
291 297
291 298
291 299
291 300
291 301
291 302
291 303
291 431
291 508
291 676
291 1845
291 2673
292 297
292 299
292 301
292 1221
292 2280
293 294
293 299
293 301
293 302
293 508
293 577
293 962
293 963
293 965
293 966
293 1064
293 2503
293 2693
294 301
294 302
294 431
294 962
294 964
294 965
294 966
294 1044
295 792
295 2004
295 2014
295 2348
295 2400
296 299
296 301
296 851
296 896
297 299
297 301
297 302
297 793
297 1967
297 2280
297 2385
297 2422
298 399
298 413
298 431
298 436
298 517
298 537
298 552
298 631
298 780
298 871
298 895
298 907
298 924
298 929
298 969
298 1084
298 1111
298 1118
298 1132
298 1137
298 1172
298 1177
298 1227
298 1254
298 1284
298 1286
298 1319
298 1330
298 1494
298 1767
298 1789
298 1792
298 1819
298 1864
298 2006
298 2020
298 2166
298 2167
298 2168
298 2169
298 2170
298 2171
298 2172
298 2173
298 2174
298 2280
298 2476
298 2536
298 2599
298 2607
298 2661
298 2696
299 301
299 302
299 350
299 616
299 617
299 1005
299 1674
299 2280
299 2348
299 2673
300 301
300 350
300 2154
301 302
301 455
301 532
301 620
301 683
301 699
301 1045
301 1064
301 1085
301 1262
301 1312
301 2232
301 2403
301 2530
301 2582
301 2696
303 2104
303 2496
303 2603
303 2700
303 2701
303 2702
304 305
304 306
304 307
304 308
304 456
304 457
304 458
304 463
304 545
304 546
304 953
304 954
304 1079
305 306
305 307
305 308
305 456
305 457
305 458
305 459
305 460
305 461
305 462
305 463
305 464
305 465
305 953
305 954
305 1559
306 307
306 308
306 458
306 1969
306 1970
307 456
307 457
307 458
307 465
307 544
307 545
307 546
307 929
307 953
307 954
307 1079
308 456
308 457
308 458
308 463
308 465
308 544
308 545
308 546
308 929
308 953
308 954
308 1079
309 310
309 311
309 312
312 422
312 1848
313 314
313 1523
314 896
314 987
315 316
315 317
315 318
315 319
315 320
315 321
315 1236
315 2358
316 556
316 557
316 558
317 339
317 381
317 552
317 782
317 783
317 895
317 912
317 913
317 1325
317 1454
317 1527
317 1575
317 1674
317 1737
317 1963
317 1982
317 2049
317 2438
318 552
318 683
318 782
318 941
318 1094
318 1198
318 1236
318 1322
318 1520
318 1632
318 1672
318 1770
318 1801
318 2120
318 2258
319 2358
320 330
320 530
320 567
321 2358
322 323
322 881
322 2335
323 634
323 1155
323 1199
323 1242
323 2335
324 325
324 326
324 327
324 328
324 329
324 330
324 331
324 332
324 718
325 327
325 331
325 332
326 327
326 328
326 329
326 330
326 332
326 961
327 328
327 329
327 330
327 331
327 332
327 2652
328 329
328 330
328 332
328 1902
329 330
329 331
329 332
329 418
329 1165
329 1789
329 2090
329 2659
330 331
330 332
330 718
330 783
330 1165
330 1304
330 1789
331 332
331 1165
331 1789
332 2441
333 334
333 1372
334 588
335 336
335 337
335 338
335 339
336 338
336 339
336 2330
337 1840
337 1983
337 2032
337 2481
338 339
338 2330
339 2330
340 341
340 342
340 343
340 344
340 345
340 346
340 347
340 348
340 2062
341 342
341 343
341 344
341 345
341 346
341 347
341 348
342 345
342 346
342 988
342 989
342 990
343 344
343 345
343 346
343 348
343 1030
344 345
344 346
344 347
344 348
344 1513
344 2053
344 2691
345 347
345 348
345 522
345 1513
345 1721
345 2053
346 347
346 677
346 1157
346 1513
348 1030
348 1217
348 1513
349 350
350 379
350 483
350 577
350 664
350 715
350 783
350 788
350 811
350 864
350 878
350 879
350 1121
350 1236
350 1275
350 1305
350 1468
350 1469
350 1650
350 1938
350 1986
350 2231
350 2418
350 2573
350 2574
350 2575
350 2617
351 352
351 1851
351 1883
352 1883
354 355
354 356
354 358
354 359
354 722
354 978
354 979
354 1289
354 1603
354 1673
355 356
355 358
355 359
355 722
355 978
355 979
355 1289
355 1673
356 357
356 358
356 359
356 722
356 978
356 979
356 1289
356 1603
356 1621
356 1673
357 358
357 359
357 689
357 692
357 697
357 698
357 722
357 979
357 1087
357 1093
357 1217
357 1241
357 1268
357 1269
357 1289
357 1673
357 1871
357 2037
357 2351
357 2477
358 633
358 635
358 689
358 698
358 1197
358 1198
358 1268
358 1269
358 1289
358 1460
358 1603
358 1673
358 1787
358 2024
358 2215
358 2393
359 978
359 979
359 1603
359 1673
361 362
362 890
362 1060
363 365
363 366
363 367
363 369
363 911
363 1148
363 1977
363 2446
364 368
364 839
364 840
364 873
364 957
364 1684
364 2197
365 367
366 367
366 369
366 1977
366 2446
367 369
367 1240
367 1583
367 1584
367 1585
367 1977
367 2125
367 2446
368 2612
369 1977
369 2125
369 2446
370 371
370 372
371 438
371 938
371 1111
371 1789
371 1848
371 1884
373 374
374 405
374 1400
375 376
375 377
375 378
375 379
375 380
375 811
376 466
376 552
376 706
376 847
376 848
376 857
376 879
376 905
376 1048
376 1096
376 1121
376 1236
376 1244
376 1273
376 1342
376 1607
376 1632
376 1786
376 1939
376 1983
376 1997
376 2062
376 2076
376 2308
376 2312
376 2348
376 2418
377 731
377 834
377 895
377 1071
377 1350
377 1509
377 1522
377 1552
377 1765
377 1774
377 1775
377 1776
377 1777
377 1778
377 2279
377 2584
377 2661
378 415
378 654
378 1258
378 1966
378 2620
379 811
379 812
379 2481
380 780
380 1983
380 2328
381 382
381 1087
382 602
382 924
382 1113
382 1363
382 1665
382 1860
383 384
383 1675
384 938
384 1178
384 2049
384 2251
384 2317
385 386
387 388
388 661
388 1632
388 2153
389 390
389 391
389 392
389 393
389 394
389 395
389 396
389 397
389 398
389 399
389 400
389 401
389 402
389 403
389 404
389 405
389 406
389 407
389 408
389 409
389 410
389 411
389 412
389 721
389 805
389 809
389 943
389 1781
390 395
390 399
390 400
390 404
390 405
390 406
390 763
390 1504
391 402
391 406
391 407
391 411
391 412
391 688
391 720
391 721
391 804
391 805
391 806
391 807
391 808
391 809
391 810
391 1480
392 403
392 406
392 408
392 409
392 411
392 943
392 1781
392 2062
393 401
394 395
394 399
394 404
394 2463
395 396
395 397
395 398
395 399
395 400
395 404
395 405
395 406
395 407
395 410
395 412
395 443
395 636
395 763
395 819
395 1355
396 399
396 404
396 406
396 410
396 1458
397 399
397 400
397 405
397 412
397 1265
398 399
398 404
398 406
398 410
399 400
399 404
399 405
399 406
399 407
399 410
399 412
399 763
399 1624
399 1651
399 1652
399 2484
400 404
400 406
400 407
400 410
401 897
401 1144
401 1145
401 1147
401 1148
402 403
402 406
402 408
402 409
402 411
402 412
402 685
402 688
402 719
402 721
402 805
402 806
402 808
402 809
402 810
402 861
402 943
402 1781
402 1867
402 2014
402 2062
403 406
403 407
403 408
403 409
403 411
403 412
403 687
403 710
403 809
403 861
403 943
403 975
403 1198
403 1475
403 1625
403 1781
403 1864
403 2014
403 2075
403 2278
404 405
404 406
404 412
404 763
404 2318
404 2484
405 406
405 407
405 410
405 412
405 781
405 1818
405 1874
406 407
406 408
406 409
406 411
406 412
406 685
406 688
406 721
406 763
406 810
406 943
406 1613
406 1781
407 409
407 721
407 2378
408 409
408 411
408 412
408 687
408 943
408 1624
408 1781
409 411
409 412
409 943
409 1624
409 1781
410 412
410 593
410 1234
410 1254
410 1561
410 2110
411 412
411 688
411 720
411 721
411 805
411 808
411 809
411 810
411 878
411 943
411 1480
411 1624
411 1781
411 2062
411 2538
412 688
412 721
412 808
412 809
412 943
412 1480
412 1781
413 414
413 552
414 1206
414 1351
414 1796
414 1864
415 416
415 417
415 418
415 419
415 420
415 421
415 422
416 607
418 1163
418 1254
418 1261
418 1312
419 484
419 485
419 486
419 487
419 488
419 654
419 2004
419 2614
420 570
420 571
420 1141
420 1725
420 1819
420 1917
420 2046
421 484
422 2119
424 1758
424 1906
425 426
425 427
425 428
425 429
425 430
425 431
425 432
426 427
426 428
426 429
426 432
426 1181
426 1182
426 1183
426 1184
426 1185
427 432
427 630
429 431
430 2461
431 445
431 866
431 895
431 1427
432 475
432 2681
432 2682
432 2683
433 435
434 438
434 1019
434 1029
435 438
436 531
436 554
436 608
436 659
436 884
436 911
436 1170
436 1227
436 1770
436 1960
436 1986
436 2129
436 2199
436 2279
436 2404
436 2661
436 2689
436 2695
437 1661
438 819
438 1017
438 1018
438 1019
438 1020
438 1244
438 1505
438 2367
439 440
439 441
439 442
440 532
440 1496
440 1801
440 1863
440 2014
441 1064
441 1527
441 2319
441 2451
444 447
444 1190
444 1192
445 2084
445 2484
446 518
446 1190
447 1190
447 1191
449 450
451 452
451 453
452 453
452 2109
454 455
455 860
455 2061
455 2062
455 2617
456 457
456 458
456 459
456 460
456 461
456 462
456 463
456 464
456 545
456 546
456 929
456 930
456 954
456 1254
457 458
457 459
457 461
457 462
457 464
457 465
457 545
457 546
457 721
457 929
457 954
457 1559
458 459
458 460
458 461
458 462
458 463
458 464
458 465
458 545
458 546
458 929
458 953
458 954
458 1079
458 1559
459 461
459 462
459 463
459 464
459 1559
459 1560
460 461
460 463
460 464
460 1559
461 463
461 464
461 1254
461 1559
461 2118
462 463
462 464
462 1254
462 1559
462 2185
463 464
463 953
463 1079
463 1559
464 1254
465 544
465 545
465 546
465 954
465 1079
465 1140
465 2460
466 467
466 468
466 469
466 470
467 719
467 986
467 1206
467 1312
467 1569
467 1606
467 1640
467 1674
467 2122
469 1305
469 1717
469 1982
469 2254
470 479
470 902
470 927
470 951
470 1369
470 2265
472 473
472 474
472 1183
473 1140
474 2217
474 2330
475 476
475 477
476 477
476 1666
478 479
479 951
480 481
480 482
480 483
481 482
481 483
481 1158
481 1159
481 1160
481 1161
481 1163
481 1291
482 483
482 2326
483 1158
483 1160
483 1161
483 1163
483 1164
483 1291
484 485
484 486
484 487
484 488
484 2389
485 488
486 2236
486 2476
487 488
488 628
489 578
490 493
490 528
490 1402
492 1661
492 2084
492 2671
493 1402
494 495
494 496
494 497
494 2508
495 607
495 608
495 864
495 919
495 1106
495 1866
495 1950
495 2035
495 2037
495 2147
495 2279
495 2295
496 2698
497 2458
498 499
499 977
499 1286
499 1958
500 501
500 502
500 503
500 504
500 505
500 506
500 507
500 508
500 509
500 510
500 511
500 512
500 513
500 514
500 515
500 516
500 517
500 1127
500 1206
500 1213
500 2313
500 2376
500 2534
501 504
501 513
501 1206
501 1208
502 512
502 513
502 1206
502 1516
503 504
503 505
503 507
503 508
503 509
503 511
503 512
503 513
503 1127
503 1206
503 1213
503 1743
503 2313
503 2534
504 506
504 507
504 511
504 512
504 513
504 515
504 1206
504 1743
505 506
505 507
505 508
505 513
505 516
505 1206
505 1213
505 1831
505 2496
505 2534
506 507
506 508
506 511
506 513
506 1206
507 509
507 511
507 513
507 516
507 1206
507 1743
507 2313
507 2534
508 513
508 1206
508 1213
508 1831
508 1842
508 2313
508 2464
508 2496
509 510
509 511
509 1206
509 1212
509 1213
509 1680
509 1681
509 2313
509 2534
510 1206
510 1213
511 512
511 515
511 1206
511 1213
511 1681
511 1743
511 2313
512 1206
512 1209
512 1896
513 516
513 1206
513 1207
513 1208
513 1213
513 2255
514 1306
514 1580
515 1213
515 1516
515 1743
515 1856
516 1206
516 2534
517 580
517 907
517 1064
517 1494
517 1792
517 2006
517 2173
517 2280
517 2583
517 2611
517 2661
518 787
518 849
518 1190
518 1473
519 520
521 522
522 608
522 864
522 884
522 1005
522 1342
522 1409
522 1661
522 1801
522 1958
522 2014
522 2114
524 525
524 526
527 528
527 529
527 530
527 531
527 532
527 1576
528 532
528 568
528 569
528 1859
529 531
529 532
529 1402
530 677
530 981
530 1065
530 1112
530 1277
530 2184
531 532
531 2285
531 2286
532 567
532 568
532 578
532 641
532 644
532 939
532 1331
532 1350
532 1758
532 1901
532 2350
532 2491
533 534
533 535
533 536
533 537
533 538
533 539
533 540
533 2066
533 2419
534 2350
534 2521
535 537
535 538
535 540
537 538
537 540
537 728
537 945
537 953
537 1637
537 2045
537 2234
537 2353
537 2421
537 2650
538 540
542 543
543 1554
543 1555
544 545
544 546
545 546
545 952
545 953
545 954
545 1079
545 2340
545 2463
546 953
546 954
546 1079
546 1105
547 548
547 549
547 550
547 551
547 1726
547 2014
548 549
548 550
548 551
548 905
548 920
548 921
548 1819
548 2257
548 2371
549 550
549 551
549 921
549 1819
549 2257
550 551
550 920
550 921
550 1402
550 1819
550 2256
550 2257
550 2371
551 921
551 1441
551 2256
551 2257
551 2371
552 553
552 554
552 555
552 911
552 2014
553 828
553 911
553 1441
553 1982
553 1983
553 2015
553 2348
554 780
554 911
554 987
554 1227
554 1545
554 1678
554 1819
554 1950
554 1983
554 1986
554 2035
554 2104
554 2661
555 974
555 1770
555 2139
555 2348
556 557
557 2133
558 1401
559 560
559 1203
560 1565
560 2381
562 563
562 564
562 565
562 1253
564 1129
566 567
566 1864
567 582
567 709
567 885
567 913
567 1009
567 1057
567 1265
567 1470
567 1471
567 1548
567 1863
567 1864
567 2049
569 1058
569 1406
569 1407
569 2603
570 571
570 572
570 573
570 574
570 907
571 573
571 574
572 573
572 580
572 1060
572 1722
572 1725
572 2156
573 907
574 907
575 576
576 636
576 2093
577 578
577 579
577 580
577 581
577 582
577 583
578 607
578 961
578 1284
578 1415
578 2147
578 2449
579 582
579 834
579 885
579 938
579 939
579 951
579 1264
579 1467
579 1468
579 1589
579 1738
579 1763
579 1788
579 1834
579 1918
579 1934
579 2003
579 2014
579 2147
579 2150
579 2251
580 682
580 711
580 713
580 829
580 830
580 831
580 878
580 941
580 1042
580 1060
580 1124
580 1211
580 1236
580 1264
580 1322
580 1605
580 1863
580 1864
580 1986
580 1996
580 2014
580 2049
580 2273
580 2407
580 2449
581 924
581 1575
582 682
582 834
582 879
582 885
582 913
582 1005
582 1211
582 1264
582 1467
582 1470
582 1548
582 1576
582 1586
582 1741
582 1877
582 1918
582 1919
582 1958
582 2014
582 2075
582 2192
582 2193
582 2521
582 2569
582 2570
582 2674
582 2680
583 857
583 1111
583 1442
583 1519
583 1718
583 1884
583 2029
583 2033
583 2132
583 2415
584 1076
585 586
585 587
586 587
588 589
588 590
588 591
588 592
588 593
588 594
588 595
588 596
588 597
588 598
588 599
588 600
588 601
588 602
588 603
588 604
588 605
589 592
589 593
589 595
589 596
589 597
589 598
589 599
589 600
589 601
589 602
589 605
589 1021
590 656
590 657
590 658
590 659
590 660
590 661
590 662
590 663
590 664
590 665
590 666
590 667
590 668
590 669
590 670
590 671
590 739
590 740
590 744
590 746
590 748
590 750
590 795
590 796
590 797
590 798
590 799
590 800
590 801
590 802
590 803
590 839
590 840
590 957
590 1684
590 1724
590 2375
590 2469
590 2520
591 605
592 593
592 595
592 596
592 597
592 598
592 599
592 600
592 601
592 602
592 605
592 1021
592 1160
592 1316
593 595
593 596
593 597
593 598
593 599
593 601
593 602
593 605
593 813
593 1316
593 1561
593 1562
593 2392
594 938
594 977
594 1654
594 1787
595 596
595 597
595 598
595 599
595 600
595 601
595 602
595 605
595 1021
595 1316
595 1677
595 1874
595 2597
596 597
596 598
596 599
596 600
596 601
596 602
596 605
596 1021
596 1316
596 1419
597 598
597 599
597 600
597 601
597 602
597 605
597 1021
597 1316
598 599
598 600
598 601
598 602
598 605
598 1021
598 1316
599 600
599 601
599 602
599 605
599 813
599 1021
600 601
600 602
600 605
600 1021
600 1314
601 602
601 605
601 1017
601 1021
601 1316
601 1561
601 1562
601 2392
602 605
602 664
602 1021
602 1316
602 1689
602 2137
602 2138
602 2139
603 2237
604 798
604 984
604 985
604 1083
605 705
605 1021
605 1057
605 1262
605 1316
605 1561
605 1562
605 1572
605 1773
605 1964
605 2239
605 2392
605 2465
605 2466
605 2467
605 2468
607 608
607 609
608 730
608 731
608 732
608 733
608 734
608 735
608 736
608 737
608 738
610 2150
611 612
611 613
611 614
611 615
611 2264
612 613
612 614
612 615
612 1106
612 2056
613 614
613 615
613 1064
613 1106
614 615
614 1064
614 1106
614 2012
615 1064
615 1106
615 2199
616 617
618 619
619 716
619 871
619 1514
619 2108
619 2572
620 621
620 622
620 623
620 624
620 625
620 626
620 1033
620 1743
620 2517
621 623
621 624
621 625
621 626
621 1033
621 1036
622 1532
624 2634
625 1035
625 1532
626 2079
626 2176
626 2634
627 628
627 629
627 1244
627 2312
628 846
628 1343
628 1795
628 1888
628 2131
631 632
631 633
631 634
631 635
631 878
631 1239
631 1242
632 634
632 635
632 878
632 1239
632 1240
632 1241
632 1242
633 634
633 878
633 1239
633 1242
633 1289
633 2240
634 635
634 878
634 1155
634 1239
634 1242
634 1552
634 1586
634 1767
635 878
635 1241
635 1242
635 1269
635 1552
636 2194
637 638
637 639
638 639
638 1104
639 1191
640 641
642 643
642 644
642 645
644 1086
644 1143
644 1833
644 2295
645 1086
645 1516
645 2353
647 648
647 649
647 650
647 651
647 652
648 649
648 650
648 651
648 652
648 1175
648 1234
649 650
649 651
649 652
649 852
649 895
649 975
649 977
649 1176
649 1234
649 1285
649 1286
649 1287
650 651
650 652
650 1175
650 1234
651 652
651 1175
651 1234
651 1287
652 1175
652 1176
652 1190
652 1234
652 1287
652 2218
653 654
653 655
653 1653
654 655
654 1105
654 2699
655 913
655 1653
656 657
656 658
656 659
656 660
656 661
656 662
656 663
656 664
656 665
656 666
656 667
656 668
656 669
656 670
656 681
656 739
656 744
656 750
657 658
657 659
657 660
657 661
657 662
657 663
657 664
657 665
657 666
657 667
657 668
657 669
657 670
657 692
657 706
657 739
657 744
657 746
657 748
657 750
657 795
657 796
657 798
657 1004
657 1058
657 1059
657 1260
657 1367
657 1724
657 1833
657 1834
657 2375
658 660
658 661
658 663
658 664
658 665
658 666
658 670
658 739
658 744
658 746
658 750
659 660
659 661
659 662
659 663
659 664
659 665
659 666
659 667
659 669
659 670
659 678
659 739
659 744
659 745
659 746
659 750
659 872
659 921
659 1069
659 1305
659 1599
659 1753
659 1934
659 2516
659 2547
659 2553
659 2554
659 2555
659 2556
659 2557
659 2558
659 2559
659 2560
659 2561
659 2562
659 2563
659 2564
659 2565
659 2566
659 2567
659 2568
660 661
660 662
660 663
660 664
660 665
660 666
660 667
660 668
660 669
660 670
660 739
660 744
660 750
660 1102
660 1724
660 2375
661 662
661 663
661 664
661 665
661 666
661 667
661 668
661 669
661 670
661 739
661 744
661 748
661 750
661 795
661 798
661 1058
661 1297
661 1298
661 1739
661 2570
662 663
662 664
662 665
662 666
662 667
662 669
662 670
662 692
662 739
662 740
662 744
662 745
662 749
662 750
662 757
662 777
662 1322
662 1323
662 1324
662 1325
662 1326
663 664
663 665
663 666
663 667
663 668
663 669
663 670
663 739
663 744
663 746
663 750
663 1348
663 1349
663 2122
664 665
664 666
664 667
664 668
664 669
664 670
664 739
664 744
664 746
664 748
664 750
664 2586
664 2587
664 2588
664 2589
664 2674
665 666
665 667
665 668
665 669
665 670
665 681
665 739
665 744
665 748
665 750
666 667
666 668
666 669
666 670
666 686
666 739
666 744
666 746
666 748
666 750
666 1102
666 1131
666 1269
667 670
667 739
667 744
667 746
667 750
668 670
668 739
668 744
668 746
668 750
669 670
669 739
669 744
669 750
670 739
670 744
670 746
670 748
670 750
670 975
670 1138
670 1724
670 2375
671 672
671 1834
672 1243
676 677
676 678
677 789
677 790
677 791
677 792
677 793
677 794
677 1403
677 2282
677 2530
679 680
679 682
680 2258
682 683
682 684
682 1021
682 1211
683 684
683 836
683 864
683 1021
683 2142
684 1021
684 2384
685 686
685 687
685 688
686 1060
686 1864
686 2025
686 2026
687 1042
687 2023
687 2423
688 720
688 721
688 805
688 809
688 810
688 1480
688 2512
688 2679
689 690
689 691
689 692
689 693
689 694
689 695
689 696
689 697
689 698
689 699
690 699
690 1087
692 693
692 696
693 698
693 699
693 1091
693 1092
694 698
695 895
695 1087
695 1092
696 697
696 698
696 911
696 1956
697 698
697 2196
698 736
698 1093
698 1197
698 2196
699 1091
699 1092
699 1093
699 2703
700 701
700 702
701 1054
703 704
704 1903
705 706
706 864
706 992
706 1131
706 1227
706 1354
706 1830
706 2424
707 708
708 1237
708 1867
708 1998
708 2349
709 710
709 711
709 712
709 713
709 714
709 1044
709 1064
709 2014
709 2420
709 2550
710 712
710 1043
710 2014
710 2039
711 713
711 829
711 1060
711 1198
711 1322
711 1604
711 1605
712 819
712 1677
712 1802
712 2069
712 2070
713 829
713 830
713 938
713 1199
713 1211
713 1322
713 1394
713 2014
714 2014
714 2035
716 717
716 2496
716 2694
719 720
719 721
720 721
720 805
720 806
720 808
720 810
720 850
720 1480
720 1920
720 1921
721 804
721 805
721 808
721 809
721 810
722 723
722 1673
724 725
724 726
724 727
724 728
724 729
725 728
725 1198
726 727
726 728
726 729
726 1883
727 728
727 1545
730 2385
731 792
736 864
736 919
736 1017
736 1856
736 2215
736 2264
737 1325
738 895
739 740
739 741
739 742
739 743
739 744
739 745
739 746
739 747
739 748
739 749
739 750
742 760
742 873
742 979
742 1190
742 1208
742 1520
742 2114
742 2142
742 2174
743 913
744 746
744 748
744 750
744 752
744 796
744 992
744 1102
744 2375
744 2469
750 752
750 1102
751 752
751 753
751 754
751 1341
754 1341
756 757
756 758
756 759
756 760
757 1199
757 1545
757 1851
757 2014
757 2106
757 2264
758 759
758 760
758 2692
759 760
761 762
761 1028
761 2464
762 1025
762 1028
762 1113
762 2464
764 765
765 826
765 1364
765 1365
765 1366
766 767
766 768
766 769
766 836
766 2239
768 2122
769 1155
769 1205
771 773
771 1178
771 2258
773 1618
774 849
775 1986
776 895
779 780
780 947
780 948
780 949
780 950
780 2537
780 2538
781 1006
781 1007
782 2194
783 784
783 785
783 786
783 787
783 788
783 1541
785 1325
785 2025
786 1060
787 1178
787 1206
787 1305
787 1674
787 1693
788 1650
788 1666
788 1698
788 1892
788 1893
788 1894
788 2231
789 790
789 791
789 792
789 793
789 794
789 1535
789 1537
789 1589
789 1593
789 2413
790 791
790 792
790 793
790 794
790 818
790 980
790 981
790 982
791 792
792 793
792 794
792 1243
792 1685
793 1620
793 2291
797 2327
798 985
798 2523
798 2533
799 1834
801 1649
801 1674
801 1947
801 2661
804 1480
805 806
805 808
805 810
805 1480
806 808
808 809
808 810
808 850
808 1480
809 810
809 943
810 1475
810 1480
811 812
812 1999
812 2005
812 2480
812 2481
814 815
816 1371
816 2590
819 1019
819 1029
819 1138
819 1339
819 1340
819 1347
819 1415
819 1661
819 1801
819 2372
820 823
821 939
821 1014
821 1064
821 1208
822 1168
822 1415
822 2106
823 886
823 1340
823 1633
823 1789
823 1810
823 1849
823 1850
823 1872
823 2570
825 826
826 2632
827 828
829 830
829 831
829 832
829 833
829 834
829 835
829 836
829 837
829 838
829 1322
829 1605
830 1064
830 1322
831 938
831 1958
834 836
834 1200
834 1211
834 1483
834 1484
834 1485
834 1486
834 1487
834 1488
834 1489
835 1322
836 1488
836 1568
836 1623
836 2130
836 2463
839 840
839 957
839 1684
840 955
840 956
840 957
840 1684
841 842
842 935
843 844
844 1615
845 846
847 848
847 849
848 905
848 1186
848 1193
848 1222
848 1271
848 1272
848 1273
848 1274
848 1275
848 1276
848 1303
848 2661
848 2680
849 1347
849 1497
849 1694
849 1758
849 1947
849 2060
849 2228
849 2370
851 852
852 974
852 1111
852 1284
852 2020
852 2040
852 2328
852 2348
853 854
853 855
853 856
853 1031
854 855
854 856
854 958
854 959
854 960
854 1031
855 856
855 859
855 959
855 960
855 1031
855 2034
856 959
856 1031
856 1295
856 1354
856 1924
857 858
857 859
857 1324
859 906
859 908
859 1302
859 1551
859 1877
859 1982
859 2193
859 2217
859 2408
859 2569
859 2654
861 862
862 2339
864 865
864 866
865 1646
867 868
867 869
868 869
868 1509
868 1745
869 878
869 1133
869 1350
869 1509
869 2078
869 2390
869 2584
870 871
873 874
873 875
873 876
873 877
873 878
873 879
873 880
873 881
873 882
873 883
873 884
873 2531
873 2532
878 938
878 940
878 941
878 1022
878 1124
878 1239
878 1242
878 1467
878 2014
879 1439
879 1440
879 2217
881 1069
881 1915
885 942
885 1394
885 1470
885 1496
885 1589
885 1918
885 1954
885 2075
885 2150
885 2251
885 2482
885 2521
886 887
886 888
886 889
891 892
891 893
891 894
891 1087
892 893
892 894
892 1954
892 2503
893 894
895 911
895 974
895 1111
895 1176
895 1205
895 1254
895 1330
895 1655
895 1735
895 1813
895 1983
895 2020
895 2218
895 2279
895 2348
895 2350
895 2472
895 2489
895 2536
895 2583
895 2661
896 897
896 898
896 899
897 1258
898 899
900 901
900 902
901 902
901 1362
902 951
903 904
904 1302
904 1624
905 2316
906 907
906 908
907 944
909 910
909 911
910 933
910 1738
911 1166
911 1167
911 1168
911 1566
911 2389
911 2393
911 2404
912 913
913 1288
914 915
914 916
914 1436
914 1437
915 1436
915 1437
915 2381
915 2571
916 2084
917 918
917 1205
918 1103
918 2593
920 2257
921 1264
921 1615
921 2014
921 2256
921 2513
922 923
922 924
922 925
922 926
927 928
929 954
929 976
930 1236
930 2579
931 932
932 1719
933 1738
934 935
934 936
935 1512
936 1221
936 1838
937 938
937 939
937 940
937 941
937 942
938 940
938 941
938 942
938 1062
939 994
939 1014
939 1060
939 1211
939 1696
939 1734
939 2014
940 941
941 942
941 1211
941 1473
941 1475
942 1475
943 1475
943 1624
943 1781
944 1111
946 2292
946 2622
949 1190
951 1124
951 1243
951 1371
951 1497
951 1498
953 954
953 1105
953 2340
953 2581
955 1398
955 1635
955 1650
956 1684
957 1929
957 2165
958 959
958 960
958 1031
959 960
959 1031
960 1936
960 1937
962 963
962 964
962 965
962 966
963 964
963 965
963 966
964 966
964 2526
965 966
965 2633
966 1613
966 2387
966 2388
967 968
970 2497
972 973
973 1626
973 1780
974 975
974 976
974 977
975 1005
975 1770
975 1827
975 1854
975 1912
975 1973
975 2154
975 2239
975 2279
975 2295
975 2328
975 2489
976 1190
976 1284
976 1330
976 2006
976 2218
976 2280
976 2472
976 2489
976 2599
976 2661
977 1286
978 979
979 1673
984 985
985 2526
991 992
992 1520
992 1655
993 994
993 1174
993 2348
994 1950
994 2015
995 996
995 1991
996 1991
997 998
997 999
997 1000
997 1001
997 1002
997 1003
997 1004
997 1005
998 1912
998 2149
999 1063
999 1416
999 1690
999 1860
1000 1654
1001 1129
1001 1140
1001 1643
1002 1903
1003 2342
1004 2456
1005 1039
1005 1470
1005 1582
1005 1908
1005 2014
1006 1007
1007 1756
1009 1318
1009 1696
1009 1758
1010 1318
1010 2014
1011 1012
1011 1013
1012 1013
1012 2353
1012 2655
1013 1628
1014 1015
1014 1016
1014 1060
1016 1060
1016 1064
1017 1018
1017 1019
1017 1020
1018 1019
1018 1020
1019 1020
1019 1244
1019 1505
1019 2302
1019 2303
1019 2304
1020 2496
1021 1022
1022 1183
1023 1024
1023 2330
1024 2330
1025 1026
1025 1027
1025 1028
1025 2186
1025 2464
1028 2464
1031 1032
1033 1034
1033 1035
1033 1036
1033 1037
1033 2511
1033 2634
1034 1036
1035 1036
1035 1037
1036 1037
1036 2381
1036 2511
1037 2176
1038 1039
1038 1040
1038 1041
1038 1042
1038 1043
1038 1044
1038 1045
1038 2264
1039 1041
1039 1042
1039 1043
1039 1044
1039 1045
1039 1082
1040 1041
1040 1042
1040 1043
1040 1044
1040 1045
1041 1042
1041 1043
1041 1044
1041 1045
1041 1198
1041 1876
1042 1043
1042 1044
1042 1045
1043 1044
1043 1045
1043 1689
1044 1045
1044 1082
1044 1426
1044 2140
1045 1198
1045 1260
1049 1050
1051 1052
1052 1788
1052 2022
1053 1054
1053 1149
1054 1150
1054 1151
1054 1859
1055 1056
1055 1057
1056 1178
1056 1423
1056 1801
1057 1397
1057 2448
1060 1061
1060 1062
1060 1063
1060 1064
1060 1384
1061 1064
1062 1943
1063 1093
1063 1169
1063 2274
1064 1394
1064 1675
1064 2150
1064 2243
1065 1066
1065 2279
1066 1674
1066 2238
1067 1068
1069 1070
1070 1316
1070 1562
1070 1822
1070 1967
1070 2299
1070 2300
1071 1448
1071 2478
1074 1075
1077 1078
1079 1467
1080 1081
1082 1394
1082 1633
1083 1084
1084 1737
1084 1927
1087 1088
1087 1089
1087 1090
1087 1091
1087 1092
1087 1093
1088 1091
1088 1092
1091 2477
1091 2582
1091 2629
1091 2703
1092 2477
1092 2582
1093 2477
1094 1095
1094 1096
1094 1097
1095 1096
1095 1097
1095 1098
1095 1116
1095 1194
1096 1097
1096 1099
1096 1193
1096 1194
1097 1098
1097 1194
1097 2356
1098 1099
1098 1151
1098 1194
1099 1171
1099 1409
1099 1582
1099 1674
1099 1846
1099 1897
1100 1101
1102 2114
1105 2340
1105 2500
1106 1107
1106 1108
1107 1317
1107 2077
1109 1110
1109 1516
1111 1112
1111 2321
1112 1259
1112 1262
1113 1267
1114 1115
1114 1244
1114 2391
1119 1120
1120 1935
1121 1122
1123 1124
1123 1589
1123 2264
1124 1558
1124 1576
1124 2014
1124 2282
1125 1126
1125 1127
1128 1129
1130 1131
1130 2583
1133 2493
1134 1135
1134 1136
1134 1137
1137 2226
1138 1139
1139 1620
1141 1142
1144 1145
1144 1146
1144 1147
1144 1148
1144 1493
1145 1146
1145 1147
1145 1148
1145 1493
1146 1147
1146 1148
1147 1148
1149 1150
1149 1151
1149 1152
1150 1151
1151 1152
1153 1154
1155 1242
1155 1974
1155 2335
1156 1157
1158 1159
1158 1160
1158 1161
1158 1162
1158 1163
1158 1164
1158 1165
1158 1291
1159 1160
1159 1161
1159 1163
1159 1165
1159 1291
1160 1161
1160 1163
1160 1164
1160 1291
1161 1163
1161 1164
1161 1165
1162 1163
1162 1291
1163 1164
1163 1165
1163 1291
1163 2416
1164 1165
1164 1291
1165 1291
1165 1789
1170 2081
1171 2638
1172 1955
1175 1176
1176 1287
1177 1545
1178 1285
1178 1878
1178 1879
1178 1880
1178 1881
1178 1882
1179 1180
1180 1817
1187 1188
1187 1189
1187 1705
1189 1705
1189 1707
1190 1191
1190 1192
1190 1738
1190 2576
1191 2625
1193 1244
1193 1262
1193 1586
1193 2271
1193 2312
1193 2528
1195 1461
1195 1462
1196 1240
1196 1241
1196 1268
1196 1269
1197 1597
1198 1239
1198 1241
1198 1268
1198 1688
1198 1689
1198 2307
1198 2346
1198 2347
1198 2492
1199 1200
1200 1586
1200 2329
1200 2521
1201 1202
1203 1204
1204 1692
1205 2114
1205 2343
1206 1207
1206 1208
1206 1209
1206 1210
1206 1211
1206 1212
1206 1213
1206 1214
1207 2313
1208 1213
1208 1463
1208 1464
1208 1465
1208 1466
1208 1467
1208 2175
1208 2313
1209 1213
1209 2175
1209 2313
1210 1516
1211 1372
1211 1586
1211 1738
1211 2075
1211 2407
1211 2521
1211 2606
1211 2674
1213 1896
1213 2534
1215 1216
1218 1219
1218 1220
1220 1514
1221 1222
1223 1224
1225 1226
1227 1228
1229 1230
1230 1861
1230 2260
1230 2336
1231 1232
1231 2536
1233 2661
1236 1275
1236 1765
1237 1238
1237 2349
1237 2595
1238 1396
1238 1552
1238 2162
1238 2334
1238 2661
1239 1240
1239 1241
1239 1242
1239 2307
1240 1241
1240 1242
1240 1268
1240 1269
1240 1289
1240 2307
1241 1268
1241 1269
1241 1289
1241 2307
1242 1269
1243 1478
1243 1480
1243 2075
1244 1245
1244 1246
1244 1247
1244 1248
1244 1249
1244 1250
1244 1251
1244 1252
1244 1293
1245 1262
1245 1628
1245 2114
1246 1293
1246 2077
1248 1961
1248 1962
1248 2312
1254 1255
1254 1256
1254 1257
1254 1258
1255 2142
1258 2194
1260 1261
1260 2028
1260 2162
1260 2163
1260 2164
1260 2165
1264 1265
1264 1266
1265 1266
1265 1658
1265 2161
1265 2217
1266 2161
1268 1269
1268 1289
1268 2519
1269 1289
1269 1394
1269 2582
1270 1556
1271 2330
1273 1520
1278 1279
1278 1280
1278 1281
1278 1282
1279 1409
1282 1971
1282 2104
1283 1284
1286 1330
1286 1865
1286 2280
1288 1305
1289 1290
1290 1619
1290 1862
1291 2075
1294 1295
1294 1296
1294 1864
1295 2106
1297 1768
1297 2186
1297 2527
1298 1622
1298 2352
1298 2353
1300 1301
1300 1302
1300 1773
1301 1302
1301 2438
1302 1377
1302 1773
1303 1304
1304 2495
1304 2708
1305 1474
1306 1307
1306 1317
1307 1579
1307 2183
1308 1309
1308 1310
1308 2199
1310 2199
1310 2203
1313 1314
1313 1315
1315 2361
1317 1318
1318 2505
1318 2518
1320 1321
1324 1607
1324 2401
1325 1378
1325 1880
1325 2073
1325 2116
1325 2128
1325 2129
1326 1888
1327 1328
1327 1329
1327 1330
1327 1897
1327 2227
1328 1330
1328 2227
1329 1330
1329 1376
1329 2102
1329 2103
1329 2227
1330 1376
1331 1332
1331 1527
1331 1545
1331 2410
1336 1545
1344 1345
1344 1346
1350 1509
1350 2078
1351 2595
1352 1353
1356 1357
1356 1358
1356 1359
1357 1710
1360 1361
1362 1874
1365 2437
1367 1368
1368 1710
1369 1370
1369 1371
1371 1516
1376 1801
1376 2103
1378 1459
1378 1975
1378 2174
1379 1622
1389 1390
1391 1392
1391 1393
1394 1395
1394 1396
1394 1397
1394 1398
1394 1399
1394 1473
1394 1738
1394 2550
1395 1397
1396 1397
1396 1953
1396 2470
1396 2618
1396 2619
1399 1473
1399 1686
1399 1738
1399 1739
1399 2334
1402 2608
1404 1405
1407 2230
1409 1410
1409 1411
1409 1412
1409 1413
1419 1673
1419 1823
1419 1824
1419 1825
1419 2269
1420 2242
1421 1422
1422 1556
1423 1424
1423 1425
1423 1426
1423 1427
1423 1428
1423 1429
1423 1430
1424 1429
1424 1430
1426 1839
1427 1430
1428 1429
1428 1430
1429 1430
1429 1691
1432 1433
1436 1437
1437 1438
1437 2381
1438 2084
1438 2571
1441 2263
1441 2498
1443 1444
1445 1446
1448 1449
1448 1450
1448 1451
1448 1452
1448 1453
1454 1455
1455 1623
1455 1914
1455 2298
1455 2471
1456 1457
1457 2050
1458 1459
1459 1595
1459 1596
1459 1597
1459 1598
1461 1462
1466 1779
1466 2275
1467 1894
1467 1938
1468 1538
1469 2281
1470 1918
1470 1954
1470 2230
1470 2521
1472 1473
1472 1474
1472 1475
1472 1476
1472 1477
1472 1478
1472 1479
1472 1480
1472 1481
1472 1482
1472 1508
1473 1474
1473 1475
1473 1476
1473 1477
1473 1478
1473 1480
1473 1481
1473 1482
1473 1506
1473 1738
1473 1883
1474 1475
1474 1477
1474 1478
1474 1479
1474 1480
1474 1481
1474 1482
1474 1506
1475 1476
1475 1477
1475 1478
1475 1479
1475 1480
1475 1481
1475 1482
1475 1506
1475 1507
1475 1508
1475 2541
1475 2542
1476 1478
1476 1482
1476 1506
1477 1479
1477 1480
1477 1481
1477 1482
1477 1506
1477 1507
1477 1508
1477 1883
1478 1479
1478 1480
1478 1481
1478 1482
1478 1506
1478 1507
1478 1883
1478 1906
1478 2176
1478 2183
1479 1480
1479 1481
1479 1507
1479 2311
1480 1481
1480 1482
1480 1506
1480 1507
1480 1508
1481 1506
1481 1507
1481 1508
1482 1506
1482 1508
1482 1647
1485 2051
1489 2251
1489 2317
1490 1491
1490 1492
1490 1493
1492 1493
1493 1735
1493 1736
1493 1935
1495 1496
1496 2014
1496 2075
1496 2282
1496 2660
1497 1498
1497 1499
1505 2045
1505 2047
1505 2367
1506 1507
1506 1508
1508 2586
1508 2670
1510 1511
1514 1515
1515 2174
1516 1517
1517 2174
1519 1520
1520 2163
1520 2212
1520 2213
1520 2214
1522 2106
1522 2155
1523 1704
1523 1906
1524 1525
1524 1526
1525 1526
1526 1981
1527 1528
1527 1529
1527 1530
1527 1531
1528 1699
1528 2159
1531 1544
1532 1533
1532 1534
1532 2176
1533 1760
1534 2084
1535 1536
1535 1537
1537 2411
1537 2412
1537 2413
1538 2014
1539 1540
1539 2661
1540 2599
1541 1542
1541 1543
1543 1545
1543 2609
1545 1546
1545 1547
1545 1548
1545 1549
1545 1550
1548 1720
1548 1721
1548 2014
1551 1863
1551 1864
1553 2658
1554 1555
1555 2443
1556 1557
1557 1794
1557 1795
1558 2120
1558 2282
1561 1562
1561 1572
1561 1790
1561 1791
1561 2392
1562 1572
1562 1790
1562 1791
1562 2187
1562 2392
1563 1564
1566 1567
1570 1571
1570 1889
1570 1992
1571 1889
1571 1891
1571 1992
1572 1791
1572 2392
1573 1574
1574 2462
1576 2014
1576 2075
1577 1578
1577 1579
1577 1783
1577 1905
1578 1579
1578 1782
1578 1783
1579 1782
1579 1783
1579 1784
1579 1905
1580 1581
1584 1589
1586 2251
1589 1590
1589 1591
1589 1592
1589 1593
1589 2194
1599 1600
1601 1602
1604 1605
1605 1651
1605 1786
1608 1609
1608 1610
1612 1613
1612 2042
1613 2042
1613 2199
1615 2014
1616 1617
1616 2591
1618 1619
1618 1620
1619 1710
1622 1753
1622 2014
1622 2202
1622 2353
1622 2690
1624 1625
1626 1627
1627 2210
1627 2211
1628 1629
1628 1630
1628 1631
1628 2699
1631 2215
1631 2383
1632 1633
1634 2685
1635 1636
1635 1637
1637 2445
1637 2656
1638 1639
1638 2394
1641 1642
1641 1876
1641 2056
1642 1876
1642 2056
1644 1645
1646 1647
1647 1868
1647 2049
1649 1650
1652 2215
1654 1787
1654 2447
1655 1656
1657 1800
1657 1877
1658 1660
1658 1866
1661 1662
1661 1663
1661 1664
1661 2534
1661 2583
1663 1801
1664 1801
1666 1667
1666 1668
1666 1669
1666 1670
1666 1671
1675 1676
1675 1677
1675 1678
1675 1679
1675 2550
1677 1801
1680 1743
1681 1743
1684 2513
1686 1738
1687 1688
1687 1689
1687 1844
1688 1844
1688 1851
1688 2014
1689 1851
1690 1876
1691 1874
1692 1693
1693 1792
1693 1793
1694 1695
1696 1950
1696 2049
1696 2416
1696 2496
1696 2499
1699 1982
1699 2232
1700 1701
1701 1845
1702 1703
1703 1943
1705 1706
1705 1707
1709 1819
1710 1729
1710 1730
1710 1731
1717 1718
1718 2599
1725 1801
1726 1727
1726 1728
1727 1728
1729 2514
1730 2305
1732 1733
1733 2639
1735 1736
1735 1935
1735 2342
1736 1935
1738 1739
1738 1740
1738 1741
1738 2604
1738 2605
1738 2606
1744 1745
1745 2459
1746 1747
1746 2153
1746 2309
1748 1749
1748 1750
1748 1751
1748 1752
1750 1751
1753 1754
1754 2613
1755 1756
1755 1757
1758 2307
1760 1761
1760 1762
1768 1769
1770 1771
1770 1772
1782 1783
1782 1784
1785 1786
1786 2043
1788 1789
1791 2392
1792 2616
1794 1795
1797 1798
1799 1800
1800 1826
1801 1802
1801 1803
1801 1804
1801 1805
1801 1806
1801 1807
1801 1808
1801 1809
1801 1810
1801 1811
1801 1812
1801 1813
1801 1814
1808 2496
1815 1816
1819 1820
1819 1821
1821 2436
1823 1824
1823 1825
1824 1825
1828 1829
1833 1834
1834 1919
1835 1836
1835 1837
1836 2260
1836 2449
1837 2512
1839 1840
1841 1842
1841 1843
1842 2006
1842 2599
1846 1847
1847 2054
1847 2264
1852 1853
1853 2489
1854 1855
1856 1857
1856 1858
1861 1862
1863 1864
1864 2107
1864 2239
1864 2250
1865 2534
1866 1931
1866 1932
1866 1933
1868 1869
1868 1870
1873 1874
1874 2073
1874 2089
1874 2496
1874 2577
1874 2578
1875 1876
1876 2056
1880 1986
1885 1886
1885 1887
1885 2249
1889 1890
1889 1891
1889 1992
1890 1992
1891 1992
1893 2076
1894 2373
1896 2313
1898 1899
1900 1901
1903 2068
1904 1950
1904 1966
1904 2512
1906 1907
1906 1908
1906 1909
1906 1910
1906 1911
1906 1935
1906 2142
1906 2449
1907 2661
1909 1958
1912 1913
1918 1919
1919 2014
1922 1923
1923 2038
1923 2224
1925 1926
1928 1929
1928 1930
1939 1940
1943 1944
1947 1948
1950 1951
1950 1952
1951 2181
1951 2661
1953 2345
1954 2521
1954 2621
1958 1959
1962 2312
1964 1965
1966 1967
1966 1968
1967 2496
1967 2535
1971 1972
1971 2661
1973 1974
1974 2079
1975 1976
1979 1980
1984 1985
1985 2160
1985 2562
1987 1988
1988 2661
1989 1990
1989 2661
1990 2475
1990 2583
1990 2599
1992 1993
1992 1994
1992 1995
1999 2421
2000 2001
2003 2011
2006 2007
2008 2009
2008 2010
2013 2014
2014 2193
2014 2300
2014 2350
2014 2485
2014 2486
2014 2487
2014 2488
2016 2017
2018 2019
2019 2260
2020 2021
2021 2675
2022 2023
2022 2459
2023 2459
2025 2026
2025 2394
2027 2028
2028 2297
2030 2031
2033 2034
2035 2036
2038 2224
2041 2042
2042 2069
2044 2045
2054 2055
2058 2059
2058 2602
2061 2062
2062 2534
2071 2072
2071 2073
2071 2074
2072 2203
2073 2112
2073 2609
2075 2345
2079 2080
2084 2085
2084 2086
2084 2087
2084 2088
2084 2089
2084 2090
2084 2091
2084 2092
2084 2093
2084 2094
2084 2095
2084 2096
2084 2097
2084 2098
2084 2099
2089 2609
2094 2440
2100 2101
2102 2103
2103 2227
2104 2105
2104 2603
2106 2107
2110 2111
2111 2182
2111 2474
2114 2115
2114 2116
2114 2117
2120 2121
2122 2123
2126 2127
2129 2287
2134 2135
2134 2136
2142 2143
2142 2144
2142 2145
2147 2148
2150 2151
2150 2152
2152 2314
2152 2315
2153 2154
2153 2155
2154 2433
2154 2434
2157 2158
2172 2176
2173 2661
2175 2313
2175 2534
2176 2177
2176 2178
2179 2180
2182 2183
2183 2304
2183 2598
2183 2650
2185 2298
2185 2439
2186 2187
2186 2188
2186 2189
2186 2190
2186 2191
2187 2392
2194 2195
2194 2319
2195 2354
2197 2198
2199 2200
2199 2201
2200 2409
2203 2204
2203 2205
2208 2209
2216 2217
2216 2486
2216 2498
2217 2218
2217 2498
2219 2220
2221 2222
2221 2223
2221 2420
2224 2225
2228 2229
2233 2234
2233 2235
2234 2488
2234 2506
2243 2244
2243 2245
2246 2247
2247 2274
2248 2249
2250 2361
2252 2253
2258 2259
2260 2261
2260 2262
2260 2263
2260 2264
2262 2326
2264 2706
2264 2707
2265 2266
2267 2268
2268 2443
2269 2580
2271 2272
2276 2277
2279 2280
2280 2496
2281 2442
2283 2284
2284 2647
2288 2289
2288 2290
2293 2294
2295 2296
2305 2306
2309 2310
2322 2323
2322 2324
2332 2333
2337 2338
2337 2339
2338 2339
2339 2526
2339 2669
2343 2344
2344 2661
2346 2347
2354 2355
2356 2357
2358 2359
2361 2362
2366 2552
2368 2369
2373 2374
2375 2376
2381 2382
2385 2386
2395 2396
2395 2397
2398 2399
2398 2661
2416 2417
2420 2421
2420 2464
2424 2606
2425 2426
2429 2430
2429 2431
2429 2432
2441 2507
2444 2445
2449 2450
2453 2454
2453 2455
2456 2457
2470 2512
2470 2642
2470 2643
2472 2473
2476 2570
2478 2479
2482 2483
2486 2606
2489 2490
2492 2584
2493 2494
2493 2495
2496 2503
2496 2504
2496 2513
2496 2524
2496 2536
2496 2599
2496 2606
2496 2607
2496 2668
2496 2696
2500 2501
2509 2510
2512 2539
2512 2628
2514 2515
2514 2516
2515 2516
2516 2586
2516 2636
2518 2550
2522 2523
2525 2526
2527 2544
2528 2630
2528 2661
2528 2675
2537 2607
2539 2540
2541 2673
2543 2583
2543 2599
2543 2607
2543 2661
2544 2545
2546 2547
2548 2549
2550 2551
2570 2667
2570 2684
2583 2584
2584 2661
2595 2596
2599 2600
2623 2624
2626 2627
2630 2631
2645 2646
2648 2649
2661 2662
2661 2663
2661 2664
2661 2665
2661 2666
2671 2672
2675 2676
2677 2678
2686 2687
2686 2688
2704 2705
